 7894426087.408085, 
17282350609.04049, 
22183605237.628323, 
17174096546.73941, 
22532980637.095345, 
20098490820.8622, 
25020232756.947227, 
18903391669.493244, 
11960940968.691826, 
16481428111.598307, 
17997135178.025616, 
15213536173.602942, 
 6471679322.112137, 
 2687271165.7622232

13892092735.751856, 
39565001714.98046, 
29512662260.299652, 
35951555362.27583, 
40147784049.46028, 
27484144388.384247, 
25300249967.777473, 
13207650599.717989, 
 9249935810.701332, 
 7636123222.264356, 
 4298548129.209176, 
    2265018.434637355, 
 4187934609.470316

17111925037.386946, 
24492819482.780563, 
26216736321.388165, 
25603000509.604744, 
27403664539.874023, 
20822131874.385567, 
28745251828.798172, 
23918432252.15302, 
24953420711.615257, 
19302982868.411823, 
 3276349137.388097, 
 3928604519.0320253

17342647461.194965, 
30591188194.328194, 
33643119797.631546, 
28171610423.95852, 
19860093804.039642, 
27250421195.035595, 
15740978431.567799, 
 6225908645.98591, 
 8492903794.823307, 
21931153118.73346, 
13288175184.1235, 
 5962656073.431948, 
 4170725152.7695074, 
 4356023071.7392235, 
 2072964523.6013074, 
 1956096137.7381196, 
  715624100.792863, 
  0

 --- Mejor individuo por rango ---
 1754195184.2360992, 
 1703632913.9624119, 
 1811669094.9751692, 
 1007949824.8872749, 
 1058787993.9742393, 
  911828891.2276007, 
  834160827.5545092, 
 1944445479.1384318, 
    1839842.5991650436, 
 1913070861.3166542, 
 1687945591.9624565, 
 1986965397.1200185, 
 1838809609.086982, 
 1257452392.3620117, 
  820555335.9053594

   1802285.5813296197, 
   1695845.167393312, 
   2091740.5425935162, 
1569038220.0177085, 
1569038220.0177085, 
1406325559.2623806, 
1569038220.0177085, 
   1959972.0918732542, 
1716109876.8765109, 
1773029783.9909935, 
 870219528.2816702, 
 715624100.792863

   2075804.6839516643, 
1773029783.9909935, 
1222304995.8701415, 
1190647894.7434883, 
   1890421.0716776215, 
   1449586.9646269898, 
1773029783.9909935, 
1687326683.3015423, 
1325925767.282939, 
1572104072.9477098, 
1617460672.1116548, 
1640477431.3781474, 
 858984437.3903365, 
1424074110.747579, 
1212284241.0435777, 
   1695845.167393312, 
 715624100.792863, 
 inf
-------------------
 453720866.41702247, 
   1430003.4420054867, 
   1430003.4420054867, 
   1430003.4420054867, 
   1963751.7622590628, 
   1963751.7622590628, 
   1963751.7622590628, 
 555492149.2208703, 
   1430003.4420054867, 
   1430003.4420054867, 
1105198385.3484132, 
1443639079.9113536, 
1105198385.3484132, 
1105198385.3484132

   1974614.0723222913, 
   2162363.8946248633, 
   1974614.0723222913, 
   1974614.0723222913, 
   1974614.0723222913, 
   1974614.0723222913, 
   2162363.8946248633, 
   2162363.8946248633, 
 708473284.2961369, 
 708473284.2961369, 
1700470880.2835648, 
1964372355.0017598, 
inf