--- Soluciones que no sirven ---
[
    [[(82, 76), 0], [(98, 14), 12], [(98, 52), 21], [(49, 8), 6], [(82, 76), 0]], 
    [[(82, 76), 0], [(96, 44), 19], [(58, 30), 12], [(91, 2), 19], [(14, 24), 6], [(50, 93), 8], [(61, 62), 24], [(84, 39), 16], [(98, 5), 9], [(1, 65), 22], [(5, 10), 14], [(85, 60), 14], [(42, 9), 8], [(23, 15), 15], [(93, 3), 24], [(3, 82), 8], [(5, 42), 4], [(2, 39), 16], [(50, 5), 21], [(84, 25), 16], [(19, 32), 1], [(80, 55), 2], [(61, 59), 3], [(9, 97), 24], [(82, 76), 0]], 
    [[(82, 76), 0], [(88, 51), 18], [(82, 76), 0]], 
    [[(82, 76), 0], [(82, 76), 0]], 
    [[(82, 76), 0], [(82, 76), 0]]
]

[
    [[(82, 76), 0], [(50, 5), 21], [(3, 82), 8], [(91, 2), 19], [(9, 97), 24], [(98, 14), 12], [(42, 9), 8], [(14, 24), 6], [(80, 55), 2], [(61, 62), 24], [(98, 5), 9], [(98, 52), 21], [(29, 89), 7], [(58, 30), 12], [(19, 32), 1], [(57, 69), 20], [(2, 39), 16], [(5, 42), 4], [(85, 60), 14], [(84, 25), 16], [(5, 10), 14], [(61, 59), 3], [(49, 8), 6], [(88, 51), 18], [(82, 76), 0]], 
    [[(82, 76), 0], [(93, 3), 24], [(1, 65), 22], [(96, 44), 19], [(50, 93), 8], [(84, 39), 16], [(82, 76), 0]], 
    [[(82, 76), 0], [(20, 70), 2], [(23, 15), 15], [(82, 76), 0]], 
    [[(82, 76), 0], [(13, 7), 19], [(82, 76), 0]], 
    [[(82, 76), 0], [(82, 76), 0]]
]

[
    [[(82, 76), 0], [(98, 52), 21], [(61, 62), 24], [(13, 7), 19], [(14, 24), 6], [(80, 55), 2], [(85, 60), 14], [(98, 14), 12], [(58, 30), 12], [(2, 39), 16], [(1, 65), 22], [(88, 51), 18], [(29, 89), 7], [(50, 93), 8], [(5, 42), 4], [(20, 70), 2], [(42, 9), 8], [(82, 76), 0]], 
    [[(82, 76), 0], [(57, 69), 20], [(82, 76), 0]], 
    [[(82, 76), 0], [(82, 76), 0]], 
    [[(82, 76), 0], [(82, 76), 0]], 
    [[(82, 76), 0], [(14, 24), 6], [(93, 3), 24], [(84, 25), 16], [(13, 7), 19], [(19, 32), 1], [(1, 65), 22], [(85, 60), 14], [(2, 39), 16], [(98, 52), 21], [(3, 82), 8], [(84, 39), 16], [(98, 5), 9], [(9, 97), 24], [(49, 8), 6], [(91, 2), 19], [(57, 69), 20], [(96, 44), 19], [(61, 62), 24], [(88, 51), 18], [(29, 89), 7], [(5, 42), 4], [(50, 93), 8], [(42, 9), 8], [(50, 5), 21], [(23, 15), 15], [(98, 14), 12], [(82, 76), 0]]
]

 --- Buena solucion de recorridos por camion ---
[
    [[(82, 76), 0], [(20, 70), 2], [(84, 39), 16], [(50, 5), 21], [(58, 30), 12], [(23, 15), 15], [(50, 93), 8], [(98, 52), 21], [(61, 62), 24], [(49, 8), 6], [(85, 60), 14], [(42, 9), 8], [(80, 55), 2], [(98, 14), 12], [(91, 2), 19], [(5, 10), 14], [(2, 39), 16], [(14, 24), 6], [(93, 3), 24], [(82, 76), 0]], 
    [[(82, 76), 0], [(9, 97), 24], [(5, 42), 4], [(84, 25), 16], [(82, 76), 0]], 
    [[(82, 76), 0], [(61, 59), 3], [(19, 32), 1], [(13, 7), 19], [(57, 69), 20], [(82, 76), 0]], 
    [[(82, 76), 0], [(3, 82), 8], [(96, 44), 19], [(82, 76), 0]], 
    [[(82, 76), 0], [(98, 5), 9], [(88, 51), 18], [(29, 89), 7], [(1, 65), 22], [(82, 76), 0]]
]

--- Buena solucion de recorridos por camion con horas en que finalizaron ---
[
    [[[(82, 76), 0], [(20, 70), 2], [(1, 65), 22], [(5, 10), 14], [(3, 82), 8], [(93, 3), 24], [(84, 39), 16], [(50, 93), 8], [(61, 62), 24], [(19, 32), 1], [(23, 15), 15], [(58, 30), 12], [(80, 55), 2], [(5, 42), 4], [(82, 76), 0]], '08:41:30'], 
    [[[(82, 76), 0], [(98, 52), 21], [(9, 97), 24], [(49, 8), 6], [(91, 2), 19], [(42, 9), 8], [(61, 59), 3], [(14, 24), 6], [(98, 14), 12], [(13, 7), 19], [(82, 76), 0]], '13:06:17'], 
    [[[(82, 76), 0], [(82, 76), 0]], '13:32:49'], 
    [[[(82, 76), 0], [(98, 5), 9], [(96, 44), 19], [(57, 69), 20], [(29, 89), 7], [(82, 76), 0]], '14:49:00'], 
    [[[(82, 76), 0], [(88, 51), 18], [(85, 60), 14], [(2, 39), 16], [(50, 5), 21], [(84, 25), 16], [(82, 76), 0]], '15:40:35']
]

--- Buena solucion de recorridos por camion con restricciones de tiempo y hora en que finalizaron ---
[
    [[[(82, 76), 0], [(23, 15), 15], [(98, 14), 12], [(29, 89), 7], [(50, 93), 8], [(80, 55), 2], [(42, 9), 8], [(20, 70), 2], [(84, 25), 16], [(19, 32), 1], [(49, 8), 6], [(96, 44), 19], [(91, 2), 19], [(61, 62), 24], [(50, 5), 21], [(98, 52), 21], [(57, 69), 20], [(14, 24), 6], [(9, 97), 24], [(85, 60), 14], [(82, 76), 0]], (datetime.time(8, 0), datetime.time(9, 36)), '12:35:52'], 
    [[[(82, 76), 0], [(88, 51), 18], [(5, 42), 4], [(82, 76), 0]], (datetime.time(9, 36), datetime.time(11, 12)), '12:45:06'], 
    [[[(82, 76), 0], [(3, 82), 8], [(61, 59), 3], [(1, 65), 22], [(2, 39), 16], [(93, 3), 24], [(82, 76), 0]], (datetime.time(11, 12), datetime.time(12, 48)), '14:43:03'], 
    [[[(82, 76), 0], [(84, 39), 16], [(58, 30), 12], [(13, 7), 19], [(5, 10), 14], [(82, 76), 0]], (datetime.time(12, 48), datetime.time(14, 24)), '15:39:38'], 
    [[[(82, 76), 0], [(98, 5), 9], [(82, 76), 0]], (datetime.time(14, 24), datetime.time(16, 0)), '15:53:54']
]
-- Evaluacion de la solucion --
1243055448.7637842

--- Buena solucion de recorridos por camion con restricciones de tiempo y una hora, que concuerda con el horario establecido, en que finalizaron ---
[
    [[[(82, 76), 0], [(98, 52), 21], [(19, 32), 1], [(14, 24), 6], [(58, 30), 12], [(9, 97), 24], [(98, 5), 9], [(42, 9), 8], [(23, 15), 15], [(61, 59), 3], [(5, 42), 4], [(50, 93), 8], [(84, 39), 16], [(88, 51), 18], [(93, 3), 24], [(5, 10), 14], [(61, 62), 24], [(96, 44), 19], [(82, 76), 0]], (datetime.time(8, 0), datetime.time(9, 36)), '12:28:24'], 
    [[[(82, 76), 0], [(50, 5), 21], [(49, 8), 6], [(1, 65), 22], [(80, 55), 2], [(2, 39), 16], [(85, 60), 14], [(57, 69), 20], [(13, 7), 19], [(3, 82), 8], [(82, 76), 0]], (datetime.time(9, 36), datetime.time(11, 12)), '11:12:56'], 
    [[[(82, 76), 0], [(82, 76), 0]], (datetime.time(11, 12), datetime.time(12, 48)), '12:27:52'], 
    [[[(82, 76), 0], [(91, 2), 19], [(84, 25), 16], [(29, 89), 7], [(98, 14), 12], [(20, 70), 2], [(82, 76), 0]], (datetime.time(12, 48), datetime.time(14, 24)), '15:15:27'], 
    [[[(82, 76), 0], [(82, 76), 0]], (datetime.time(14, 24), datetime.time(16, 0)), '15:58:29']
]
-- Evaluacion de la solucion --
1556313484.145451

--- Buena solucion de recorridos por camion con restricciones de tiempo, establecidos por el usuario, y una hora, que concuerda con el horario establecido, en que finalizaron ---
[
    [[[(82, 76), 0], [(91, 2), 19], [(96, 44), 19], [(98, 52), 21], [(13, 7), 19], [(23, 15), 15], [(80, 55), 2], [(49, 8), 6], [(61, 59), 3], [(58, 30), 12], [(84, 25), 16], [(20, 70), 2], [(57, 69), 20], [(2, 39), 16], [(29, 89), 7], [(19, 32), 1], [(50, 93), 8], [(98, 5), 9], [(84, 39), 16], [(82, 76), 0]], (datetime.time(8, 0), datetime.time(10, 24)), '08:23:09'], 
    [[[(82, 76), 0], [(14, 24), 6], [(5, 10), 14], [(9, 97), 24], [(88, 51), 18], [(85, 60), 14], [(61, 62), 24], [(50, 5), 21], [(42, 9), 8], [(1, 65), 22], [(82, 76), 0]], (datetime.time(10, 24), datetime.time(12, 48)), '11:35:48'], 
    [[[(82, 76), 0], [(3, 82), 8], [(82, 76), 0]], (datetime.time(12, 48), datetime.time(15, 12)), '13:58:41'], 
    [[[(82, 76), 0], [(82, 76), 0]], (datetime.time(15, 12), datetime.time(17, 36)), '17:08:09'], 
    [[[(82, 76), 0], [(98, 14), 12], [(93, 3), 24], [(5, 42), 4], [(82, 76), 0]], (datetime.time(17, 36), datetime.time(20, 0)), '19:30:15']
]
-- Evaluacion de la solucion --
1637791.8487127812

[
    [[[(82, 76), 0], [(98, 5), 9], [(19, 32), 1], [(98, 52), 21], [(96, 44), 19], [(91, 2), 19], [(50, 5), 21], [(84, 39), 16], [(82, 76), 0]], (datetime.time(8, 0), datetime.time(9, 36)), '09:26:38'], 
    [[[(82, 76), 0], [(1, 65), 22], [(93, 3), 24], [(3, 82), 8], [(2, 39), 16], [(5, 10), 14], [(13, 7), 19], [(49, 8), 6], [(29, 89), 7], [(9, 97), 24], [(14, 24), 6], [(20, 70), 2], [(57, 69), 20], [(58, 30), 12], [(23, 15), 15], [(98, 14), 12], [(61, 59), 3], [(50, 93), 8], [(85, 60), 14], [(84, 25), 16], [(5, 42), 4], [(80, 55), 2], [(82, 76), 0]], (datetime.time(9, 36), datetime.time(11, 12)), '10:18:10'], 
    [[[(82, 76), 0], [(88, 51), 18], [(82, 76), 0]], (datetime.time(11, 12), datetime.time(12, 48)), '11:27:20'], 
    [[[(82, 76), 0], [(82, 76), 0]], (datetime.time(12, 48), datetime.time(14, 24)), '13:48:55'], 
    [[[(82, 76), 0], [(82, 76), 0]], (datetime.time(14, 24), datetime.time(16, 0)), '14:24:11']
]

--- Padre e hijo ---
[
    [[[(82, 76), 0], [(84, 39), 16], [(42, 9), 8], [(23, 15), 15], [(49, 8), 6], [(5, 42), 4], [(61, 62), 24], [(84, 25), 16], [(82, 76), 0]], (datetime.time(8, 0), datetime.time(9, 36)), '08:23:59'], 
    [[[(82, 76), 0], [(2, 39), 16], [(61, 59), 3], [(13, 7), 19], [(20, 70), 2], [(57, 69), 20], [(98, 52), 21], [(50, 5), 21], [(3, 82), 8], [(96, 44), 19], [(93, 3), 24], [(19, 32), 1], [(80, 55), 2], [(82, 76), 0]], (datetime.time(9, 36), datetime.time(11, 12)), '10:44:38'], 
    [[[(82, 76), 0], [(98, 5), 9], [(14, 24), 6], [(5, 10), 14], [(85, 60), 14], [(82, 76), 0]], (datetime.time(11, 12), datetime.time(12, 48)), '11:20:32'], 
    [[[(82, 76), 0], [(29, 89), 7], [(98, 14), 12], [(1, 65), 22], [(58, 30), 12], [(88, 51), 18], [(82, 76), 0]], (datetime.time(12, 48), datetime.time(14, 24)), '13:18:06'], 
    [[[(82, 76), 0], [(50, 93), 8], [(9, 97), 24], [(91, 2), 19], [(82, 76), 0]], (datetime.time(14, 24), datetime.time(16, 0)), '14:37:14']
]
[
    [[[(82, 76), 0], [(23, 15), 15], [(13, 7), 19], [(58, 30), 12], [(14, 24), 6], [(2, 39), 16], [(42, 9), 8], [(84, 25), 16], [(88, 51), 18], [(61, 59), 3], [(82, 76), 0]], (datetime.time(8, 0), datetime.time(9, 36)), '08:16:41'], 
    [[[(82, 76), 0], [(1, 65), 22], [(20, 70), 2], [(3, 82), 8], [(29, 89), 7], [(84, 39), 16], [(50, 93), 8], [(96, 44), 19], [(93, 3), 24], [(19, 32), 1], [(9, 97), 24], [(98, 5), 9], [(91, 2), 19], [(98, 14), 12], [(85, 60), 14], [(5, 42), 4], [(98, 52), 21], [(80, 55), 2], [(82, 76), 0]], (datetime.time(9, 36), datetime.time(11, 12)), '10:14:12'], 
    [[[(82, 76), 0], [(61, 62), 24], [(5, 10), 14], [(50, 5), 21], [(82, 76), 0]], (datetime.time(11, 12), datetime.time(12, 48)), '12:43:51'], 
    [[[(82, 76), 0], [(82, 76), 0]], (datetime.time(12, 48), datetime.time(14, 24)), '13:19:31'], 
    [[[(82, 76), 0], [(49, 8), 6], [(57, 69), 20], [(82, 76), 0]], (datetime.time(14, 24), datetime.time(16, 0)), '14:59:43']
]

--- Mutacion de un individuo ---
[
    [[[(82, 76), 0], [(82, 76), 0]], (datetime.time(8, 0), datetime.time(9, 36)), '08:53:34'], 
    [[[(82, 76), 0], [(85, 60), 14], [(19, 32), 1], [(91, 2), 19], [(61, 59), 3], [(84, 25), 16], [(2, 39), 16], [(84, 39), 16], [(82, 76), 0]], (datetime.time(9, 36), datetime.time(11, 12)), '10:34:24'], 
    [[[(82, 76), 0], [(29, 89), 7], [(98, 14), 12], [(42, 9), 8], [(58, 30), 12], [(50, 93), 8], [(61, 62), 24], [(23, 15), 15], [(88, 51), 18], [(1, 65), 22], [(13, 7), 19], [(5, 10), 14], [(3, 82), 8], [(57, 69), 20], [(80, 55), 2], [(20, 70), 2], [(98, 5), 9], [(50, 5), 21], [(82, 76), 0]], (datetime.time(11, 12), datetime.time(12, 48)), '11:29:40'], 
    [[[(82, 76), 0], [(96, 44), 19], [(5, 42), 4], [(49, 8), 6], [(9, 97), 24], [(82, 76), 0]], (datetime.time(12, 48), datetime.time(14, 24)), '13:30:53'], 
    [[[(82, 76), 0], [(98, 52), 21], [(14, 24), 6], [(93, 3), 24], [(82, 76), 0]], (datetime.time(14, 24), datetime.time(16, 0)), '15:44:32']
]
[
    [[[(82, 76), 0], [(82, 76), 0]], (datetime.time(8, 0), datetime.time(9, 36)), '08:53:34'], 
    [[[(82, 76), 0], [(93, 3), 24], [(19, 32), 1], [(91, 2), 19], [(61, 59), 3], [(84, 25), 16], [(2, 39), 16], [(84, 39), 16], [(82, 76), 0]], (datetime.time(9, 36), datetime.time(11, 12)), '10:34:24'], 
    [[[(82, 76), 0], [(29, 89), 7], [(98, 14), 12], [(98, 52), 21], [(58, 30), 12], [(50, 93), 8], [(20, 70), 2], [(9, 97), 24], [(88, 51), 18], [(1, 65), 22], [(13, 7), 19], [(5, 10), 14], [(3, 82), 8], [(57, 69), 20], [(80, 55), 2], [(61, 62), 24], [(42, 9), 8], [(50, 5), 21], [(82, 76), 0]], (datetime.time(11, 12), datetime.time(12, 48)), '11:29:40'], 
    [[[(82, 76), 0], [(5, 42), 4], [(96, 44), 19], [(85, 60), 14], [(23, 15), 15], [(82, 76), 0]], (datetime.time(12, 48), datetime.time(14, 24)), '13:30:53'], 
    [[[(82, 76), 0], [(98, 5), 9], [(14, 24), 6], [(49, 8), 6], [(82, 76), 0]], (datetime.time(14, 24), datetime.time(16, 0)), '15:44:32']
]

[
    [[[(82, 76), 0], [(98, 14), 12], [(13, 7), 19], [(93, 3), 24], [(23, 15), 15], [(91, 2), 19], [(57, 69), 20], [(84, 25), 16], [(82, 76), 0]], (datetime.time(8, 0), datetime.time(9, 36)), '08:09:38'], 
    [[[(82, 76), 0], [(42, 9), 8], [(3, 82), 8], [(82, 76), 0]], (datetime.time(9, 36), datetime.time(11, 12)), '10:32:25'], 
    [[[(82, 76), 0], [(20, 70), 2], [(50, 5), 21], [(88, 51), 18], [(14, 24), 6], [(1, 65), 22], [(61, 62), 24], [(49, 8), 6], [(2, 39), 16], [(85, 60), 14], [(5, 42), 4], [(96, 44), 19], [(5, 10), 14], [(98, 5), 9], [(82, 76), 0]], (datetime.time(11, 12), datetime.time(12, 48)), '12:25:48'], 
    [[[(82, 76), 0], [(58, 30), 12], [(9, 97), 24], [(82, 76), 0]], (datetime.time(12, 48), datetime.time(14, 24)), '14:06:56'], 
    [[[(82, 76), 0], [(29, 89), 7], [(61, 59), 3], [(98, 52), 21], [(19, 32), 1], [(50, 93), 8], [(80, 55), 2], [(84, 39), 16], [(82, 76), 0]], (datetime.time(14, 24), datetime.time(16, 0)), '14:55:22']
]